structure(list(CVB = structure(list(Q5_1 = c(5, 5, 6, 4, 5, 6, 
6, 6, 6, 6, 6, 5, 4, 4, 7, 5, 5, 4, 5, 5, 5, 5, 6, 7, 7, 4, 3, 
3, 6, 5, 6, 6, 7, 7, 5, 4, 5, 5, 5, 7, 6, 2, 5, 5, 6, 6, 7, 5, 
5, 6, 5, 4, 5, 6, 2, 5, 5, 6, 6, 5, 6, 6, 6, 6, 6, 5, 6, 7, 6, 
4, 7, 5, 6, 6, 5, 5, 7, 5, 5, 4, 5, 6, 6, 6, 6, 7, 6, 6, 6, 6, 
7, 6, 6, 5, 5, 5, 6, 6, 6, 5, 6, 4, 6, 6, 6, 7, 6, 5, 6), Q5_2 = c(5, 
6, 7, 4, 5, 6, 6, 7, 6, 6, 6, 5, 4, 4, 7, 5, 4, 4, 5, 5, 5, 5, 
6, 7, 7, 5, 5, 4, 6, 6, 6, 6, 7, 7, 5, 5, 5, 5, 6, 7, 6, 4, 6, 
4, 6, 6, 7, 5, 5, 5, 6, 4, 5, 6, 2, 6, 4, 6, 6, 5, 6, 6, 5, 6, 
5, 6, 6, 7, 6, 3, 7, 5, 6, 6, 5, 5, 7, 5, 6, 3, 5, 6, 6, 6, 6, 
7, 6, 7, 6, 6, 6, 6, 6, 5, 6, 4, 6, 6, 6, 5, 6, 4, 5, 6, 5, 7, 
7, 5, 6), Q5_3 = c(5, 6, 6, 4, 6, 6, 6, 6, 6, 6, 6, 5, 4, 4, 
7, 5, 5, 4, 6, 5, 5, 5, 6, 7, 7, 4, 5, 6, 6, 5, 6, 6, 7, 7, 5, 
5, 5, 5, 7, 7, 6, 5, 5, 5, 6, 6, 7, 5, 5, 5, 6, 5, 6, 6, 7, 5, 
5, 5, 5, 5, 6, 6, 5, 6, 5, 5, 6, 6, 6, 1, 7, 5, 6, 6, 5, 5, 7, 
5, 5, 4, 5, 6, 5, 6, 6, 7, 6, 6, 6, 6, 5, 6, 6, 6, 6, 5, 5, 6, 
6, 6, 6, 5, 6, 6, 5, 7, 7, 5, 6), Q5_4 = c(5, 5, 6, 4, 5, 6, 
6, 6, 6, 6, 6, 5, 6, 4, 7, 4, 5, 4, 3, 5, 5, 5, 6, 7, 7, 5, 5, 
5, 6, 5, 5, 6, 7, 7, 5, 4, 5, 5, 5, 7, 6, 3, 4, 4, 6, 6, 7, 5, 
5, 6, 6, 5, 5, 6, 4, 4, 5, 6, 6, 5, 6, 5, 5, 6, 5, 6, 5, 6, 6, 
1, 7, 6, 6, 6, 5, 5, 7, 5, 2, 4, 5, 6, 6, 6, 6, 7, 6, 7, 6, 6, 
6, 6, 5, 6, 6, 6, 5, 6, 6, 5, 6, 5, 6, 6, 5, 7, 7, 5, 6), Q5_5 = c(5, 
5, 6, 4, 4, 6, 6, 6, 6, 5, 6, 5, 5, 4, 7, 3, 4, 4, 5, 5, 5, 5, 
6, 7, 7, 4, 4, 2, 6, 4, 5, 6, 7, 7, 5, 3, 5, 5, 5, 7, 6, 4, 5, 
4, 6, 6, 7, 5, 5, 6, 6, 4, 5, 5, 2, 6, 5, 6, 6, 5, 6, 5, 6, 6, 
5, 5, 5, 7, 6, 1, 7, 6, 6, 6, 5, 5, 7, 5, 4, 4, 3, 6, 6, 6, 6, 
7, 6, 7, 6, 6, 5, 6, 5, 5, 6, 6, 6, 5, 6, 3, 6, 5, 6, 6, 5, 7, 
6, 5, 6)), .Names = c("Q5_1", "Q5_2", "Q5_3", "Q5_4", "Q5_5"), row.names = 2:110, class = "data.frame"), 
    RTC = structure(list(Q8_1 = c(2, 1, 1, 4, 4, 2, 1, 2, 1, 
    2, 2, 2, 2, 3, 2, 4, 3, 3, 2, 2, 2, 3, 2, 1, 1, 3, 3, 2, 
    2, 2, 2, 4, 2, 1, 3, 2, 2, 4, 2, 1, 2, 4, 2, 2, 2, 3, 2, 
    3, 1, 2, 1, 3, 2, 1, 4, 4, 2, 2, 2, 3, 1, 2, 5, 2, 1, 2, 
    2, 2, 3, 4, 2, 2, 2, 2, 2, 3, 1, 2, 5, 3, 2, 2, 5, 2, 2, 
    1, 2, 1, 1, 2, 1, 1, 2, 2, 2, 1, 2, 3, 2, 2, 2, 3, 2, 2, 
    2, 1, 1, 2, 1), Q8_2 = c(3, 3, 1, 5, 2, 5, 2, 7, 2, 5, 6, 
    3, 2, 5, 4, 4, 3, 5, 2, 3, 3, 2, 2, 3, 3, 5, 2, 4, 4, 3, 
    4, 5, 1, 2, 5, 4, 2, 5, 3, 1, 2, 5, 2, 3, 3, 4, 1, 5, 2, 
    3, 1, 2, 1, 5, 7, 3, 5, 2, 3, 6, 2, 4, 1, 2, 6, 2, 3, 2, 
    4, 2, 2, 2, 2, 3, 2, 5, 2, 4, 5, 4, 5, 3, 3, 2, 2, 2, 2, 
    3, 2, 2, 4, 2, 3, 2, 2, 3, 2, 4, 4, 4, 2, 3, 2, 3, 1, 1, 
    3, 5, 5), Q8_3 = c(2, 3, 1, 2, 2, 3, 1, 1, 1, 2, 3, 1, 2, 
    3, 2, 2, 3, 3, 2, 2, 4, 2, 1, 2, 4, 4, 5, 3, 3, 2, 2, 3, 
    1, 2, 5, 3, 2, 3, 2, 1, 2, 3, 2, 4, 2, 2, 2, 3, 1, 2, 1, 
    1, 2, 2, 6, 3, 2, 2, 4, 5, 1, 2, 2, 1, 2, 1, 2, 2, 4, 4, 
    2, 1, 4, 2, 2, 3, 1, 5, 2, 4, 3, 1, 6, 2, 2, 1, 2, 2, 1, 
    2, 3, 2, 2, 1, 2, 2, 2, 4, 3, 1, 2, 4, 1, 2, 1, 1, 1, 2, 
    2), Q8_4 = c(2, 6, 2, 6, 4, 4, 4, 2, 2, 2, 5, 3, 5, 3, 2, 
    6, 4, 3, 2, 3, 5, 3, 5, 3, 5, 3, 5, 6, 2, 2, 3, 3, 6, 5, 
    5, 6, 5, 5, 5, 2, 4, 3, 4, 4, 4, 3, 5, 3, 6, 4, 2, 2, 2, 
    4, 4, 3, 2, 3, 5, 6, 1, 3, 2, 2, 2, 4, 3, 2, 4, 6, 4, 2, 
    3, 4, 3, 3, 3, 3, 3, 3, 3, 1, 3, 6, 3, 1, 4, 3, 3, 4, 6, 
    5, 4, 4, 3, 5, 3, 5, 3, 3, 5, 5, 3, 2, 2, 2, 2, 2, 2), Q8_5 = c(2, 
    2, 2, 4, 2, 2, 1, 1, 4, 2, 3, 1, 2, 3, 2, 4, 4, 2, 2, 2, 
    3, 2, 1, 5, 1, 4, 3, 2, 4, 2, 1, 2, 1, 1, 5, 3, 1, 3, 3, 
    1, 3, 4, 1, 3, 5, 3, 3, 2, 1, 3, 1, 4, 1, 4, 5, 2, 3, 2, 
    4, 4, 1, 4, 1, 1, 1, 3, 3, 2, 4, 2, 1, 1, 4, 2, 2, 3, 1, 
    3, 3, 4, 1, 1, 2, 2, 2, 2, 2, 2, 1, 2, 2, 1, 3, 3, 3, 3, 
    2, 2, 3, 1, 2, 4, 1, 2, 1, 1, 2, 2, 2), Q8_6 = c(3, 2, 5, 
    2, 2, 5, 5, 2, 2, 2, 2, 5, 2, 5, 2, 3, 3, 5, 2, 4, 6, 3, 
    2, 5, 1, 5, 2, 3, 5, 2, 2, 5, 5, 2, 3, 2, 3, 5, 3, 1, 5, 
    4, 2, 4, 2, 3, 3, 5, 4, 5, 1, 5, 3, 2, 7, 3, 5, 2, 2, 2, 
    6, 3, 2, 2, 2, 4, 5, 2, 5, 6, 3, 7, 5, 2, 2, 4, 1, 5, 5, 
    3, 3, 5, 1, 2, 2, 3, 2, 3, 1, 2, 6, 2, 3, 3, 2, 2, 6, 5, 
    4, 2, 2, 4, 5, 2, 5, 1, 3, 2, 3), Q8_7 = c(5, 6, 5, 6, 5, 
    5, 3, 2, 2, 4, 3, 5, 2, 4, 5, 5, 5, 5, 2, 3, 5, 3, 1, 5, 
    1, 4, 5, 2, 5, 2, 5, 5, 5, 3, 3, 5, 2, 5, 4, 1, 5, 2, 2, 
    4, 2, 4, 3, 5, 4, 4, 1, 5, 2, 2, 7, 4, 5, 5, 5, 4, 6, 3, 
    2, 2, 3, 3, 5, 2, 3, 5, 5, 4, 5, 2, 2, 5, 1, 5, 5, 5, 3, 
    5, 5, 2, 2, 1, 2, 2, 2, 4, 3, 2, 2, 2, 2, 2, 6, 5, 3, 1, 
    2, 4, 4, 3, 5, 5, 2, 2, 3), Q8_8 = c(5, 6, 6, 5, 2, 6, 3, 
    6, 3, 5, 2, 3, 6, 5, 6, 6, 5, 5, 2, 5, 6, 2, 3, 6, 6, 6, 
    4, 3, 6, 3, 3, 5, 5, 4, 3, 5, 5, 3, 4, 2, 5, 2, 2, 4, 5, 
    5, 3, 5, 1, 5, 5, 5, 4, 5, 7, 5, 6, 3, 6, 6, 5, 2, 5, 3, 
    3, 5, 3, 5, 5, 5, 5, 5, 6, 2, 2, 4, 6, 5, 5, 6, 5, 6, 7, 
    3, 5, 6, 5, 4, 5, 4, 5, 2, 3, 5, 2, 2, 6, 5, 5, 4, 2, 5, 
    2, 2, 5, 5, 3, 5, 5), Q8_9 = c(3, 3, 3, 2, 2, 5, 6, 4, 2, 
    3, 6, 5, 2, 5, 6, 6, 5, 5, 2, 4, 6, 2, 4, 4, 4, 5, 3, 4, 
    4, 5, 4, 5, 5, 4, 3, 4, 3, 4, 3, 2, 2, 3, 5, 3, 2, 4, 2, 
    5, 2, 6, 1, 5, 2, 5, 4, 2, 5, 2, 4, 5, 6, 2, 5, 2, 2, 4, 
    3, 3, 5, 4, 3, 2, 4, 2, 2, 3, 1, 3, 5, 5, 3, 5, 4, 6, 3, 
    1, 2, 3, 5, 5, 6, 2, 5, 2, 6, 2, 6, 4, 4, 1, 2, 4, 5, 2, 
    5, 2, 3, 3, 4), Q8_10 = c(2, 2, 1, 2, 2, 5, 1, 3, 2, 1, 4, 
    4, 3, 4, 6, 5, 5, 5, 2, 3, 5, 2, 2, 2, 2, 5, 4, 3, 4, 3, 
    3, 3, 3, 2, 3, 3, 3, 3, 3, 2, 3, 1, 2, 4, 3, 3, 2, 5, 1, 
    5, 1, 4, 2, 2, 6, 3, 5, 3, 5, 5, 3, 4, 3, 2, 2, 2, 3, 2, 
    4, 5, 5, 3, 2, 2, 2, 5, 1, 5, 5, 3, 5, 2, 2, 6, 3, 2, 2, 
    2, 3, 2, 5, 2, 3, 4, 2, 2, 5, 5, 3, 1, 2, 4, 2, 2, 2, 2, 
    1, 3, 4), Q8_11 = c(2, 2, 3, 5, 1, 5, 1, 3, 1, 2, 3, 3, 2, 
    5, 2, 3, 5, 5, 3, 5, 3, 3, 1, 1, 1, 3, 5, 5, 2, 2, 5, 3, 
    3, 2, 3, 5, 1, 3, 3, 1, 2, 1, 2, 3, 2, 2, 2, 5, 1, 5, 1, 
    2, 2, 2, 7, 2, 2, 2, 5, 4, 5, 2, 5, 2, 2, 1, 3, 2, 5, 6, 
    1, 3, 5, 2, 2, 5, 1, 4, 3, 5, 2, 3, 1, 2, 2, 2, 2, 1, 3, 
    2, 3, 1, 2, 2, 2, 2, 5, 4, 3, 2, 2, 4, 2, 2, 3, 1, 3, 2, 
    3), Q8_12 = c(2, 2, 3, 2, 2, 4, 2, 2, 1, 2, 3, 2, 2, 4, 2, 
    1, 4, 4, 3, 3, 3, 2, 2, 2, 3, 3, 3, 2, 1, 1, 5, 3, 2, 1, 
    3, 4, 5, 3, 3, 1, 4, 4, 2, 4, 2, 2, 2, 5, 2, 5, 1, 2, 1, 
    2, 7, 5, 3, 2, 5, 3, 2, 2, 6, 1, 1, 1, 2, 2, 3, 7, 2, 2, 
    2, 2, 2, 3, 1, 3, 2, 2, 3, 5, 2, 2, 2, 2, 2, 1, 3, 1, 2, 
    1, 3, 2, 2, 3, 4, 5, 5, 6, 2, 4, 1, 2, 2, 1, 2, 2, 3), Q8_13 = c(2, 
    2, 5, 2, 3, 5, 1, 3, 2, 2, 2, 2, 2, 4, 2, 1, 4, 4, 6, 3, 
    3, 2, 1, 2, 1, 3, 5, 4, 1, 2, 6, 5, 4, 1, 3, 2, 1, 3, 5, 
    1, 3, 2, 1, 3, 3, 2, 2, 5, 2, 2, 1, 2, 1, 4, 7, 2, 2, 2, 
    6, 5, 2, 2, 5, 1, 1, 2, 3, 2, 4, 6, 1, 2, 2, 2, 2, 3, 2, 
    5, 2, 3, 1, 5, 5, 2, 2, 2, 2, 1, 5, 2, 1, 2, 3, 1, 2, 2, 
    5, 3, 5, 3, 2, 3, 1, 2, 2, 5, 2, 2, 2), Q8_14 = c(6, 5, 2, 
    6, 5, 3, 5, 3, 5, 5, 2, 2, 5, 4, 3, 7, 5, 4, 5, 5, 5, 5, 
    6, 2, 5, 3, 4, 6, 5, 6, 5, 5, 3, 5, 5, 7, 3, 3, 3, 5, 2, 
    4, 5, 4, 3, 4, 3, 5, 5, 5, 3, 6, 2, 4, 6, 5, 5, 6, 6, 6, 
    4, 4, 3, 4, 6, 2, 5, 2, 3, 6, 3, 3, 3, 5, 3, 3, 4, 3, 5, 
    4, 6, 1, 3, 6, 4, 6, 2, 3, 4, 4, 6, 5, 5, 7, 6, 2, 3, 5, 
    3, 4, 5, 6, 4, 2, 1, 4, 3, 6, 4), Q8_15 = c(5, 5, 2, 6, 5, 
    3, 2, 3, 4, 3, 5, 2, 5, 4, 3, 6, 5, 5, 5, 5, 4, 5, 2, 5, 
    6, 4, 6, 6, 6, 5, 3, 3, 3, 3, 5, 6, 2, 3, 3, 3, 2, 4, 5, 
    3, 3, 4, 3, 5, 3, 5, 2, 5, 3, 4, 7, 3, 5, 6, 5, 6, 3, 4, 
    3, 2, 6, 2, 6, 2, 3, 6, 2, 3, 3, 3, 2, 3, 2, 4, 3, 5, 6, 
    2, 6, 6, 2, 1, 2, 2, 4, 4, 6, 3, 2, 5, 5, 2, 3, 4, 4, 4, 
    4, 6, 5, 5, 1, 4, 2, 6, 4), Q8_16 = c(5, 2, 2, 5, 4, 6, 5, 
    6, 3, 6, 3, 3, 6, 5, 2, 5, 5, 5, 3, 4, 5, 4, 3, 3, 5, 3, 
    3, 3, 5, 5, 5, 3, 5, 5, 5, 3, 2, 3, 5, 2, 5, 4, 2, 4, 3, 
    5, 3, 5, 3, 6, 6, 4, 3, 5, 6, 6, 3, 6, 2, 6, 3, 4, 5, 2, 
    3, 2, 5, 2, 5, 6, 3, 4, 3, 4, 2, 3, 3, 3, 2, 4, 6, 2, 6, 
    2, 3, 1, 3, 3, 4, 3, 5, 3, 4, 4, 3, 2, 4, 4, 4, 6, 5, 6, 
    5, 5, 1, 3, 5, 6, 4),